<?xml version="1.0" encoding="UTF-8" standalone="no"?>
<!DOCTYPE svg PUBLIC "-//W3C//DTD SVG 20010904//EN"
              "http://www.w3.org/TR/2001/REC-SVG-20010904/DTD/svg10.dtd">

<svg xmlns="http://www.w3.org/2000/svg"
     width="4.46705in" height="0.366698in"
     viewBox="0 0 536 44">
  <path id="Selection"
        fill="none" stroke="black" stroke-width="1"
        d="M 35.00,3.00
           C 35.00,3.00 35.00,8.00 35.00,8.00
             35.00,8.00 40.00,8.00 40.00,8.00
             40.00,8.00 40.00,14.00 40.00,14.00
             40.00,14.00 46.00,14.00 46.00,14.00
             46.00,14.00 46.00,41.00 46.00,41.00
             46.00,41.00 34.00,41.00 34.00,41.00
             34.00,41.00 34.00,30.00 34.00,30.00
             34.00,30.00 18.00,30.00 18.00,30.00
             18.00,30.00 18.00,41.00 18.00,41.00
             18.00,41.00 7.00,41.00 7.00,41.00
             7.00,41.00 7.00,14.00 7.00,14.00
             7.00,14.00 12.00,14.00 12.00,14.00
             12.00,14.00 12.00,8.00 12.00,8.00
             12.00,8.00 18.00,8.00 18.00,8.00
             18.00,8.00 18.00,3.00 18.00,3.00
             18.00,3.00 35.00,3.00 35.00,3.00 Z
           M 24.00,9.00
           C 24.00,9.00 24.00,14.00 24.00,14.00
             24.00,14.00 18.00,14.00 18.00,14.00
             18.00,14.00 18.00,24.00 18.00,24.00
             18.00,24.00 34.00,24.00 34.00,24.00
             34.00,24.00 34.00,14.00 34.00,14.00
             34.00,14.00 29.00,14.00 29.00,14.00
             29.00,14.00 29.00,9.00 29.00,9.00
             29.00,9.00 24.00,9.00 24.00,9.00 Z" />
</svg>
