<?xml version="1.0" encoding="UTF-8" standalone="no"?>
<!DOCTYPE svg PUBLIC "-//W3C//DTD SVG 20010904//EN"
              "http://www.w3.org/TR/2001/REC-SVG-20010904/DTD/svg10.dtd">

<svg xmlns="http://www.w3.org/2000/svg"
     width="4.46705in" height="0.366698in"
     viewBox="0 0 536 44">
  <path id="A*"
        fill="none" stroke="black" stroke-width="1"
        d="M 299.00,3.00
           C 299.00,3.00 299.00,8.00 299.00,8.00
             299.00,8.00 304.00,8.00 304.00,8.00
             304.00,8.00 304.00,14.00 304.00,14.00
             304.00,14.00 310.00,14.00 310.00,14.00
             310.00,14.00 310.00,41.00 310.00,41.00
             310.00,41.00 298.00,41.00 298.00,41.00
             298.00,41.00 298.00,30.00 298.00,30.00
             298.00,30.00 282.00,30.00 282.00,30.00
             282.00,30.00 282.00,41.00 282.00,41.00
             282.00,41.00 271.00,41.00 271.00,41.00
             271.00,41.00 271.00,14.00 271.00,14.00
             271.00,14.00 276.00,14.00 276.00,14.00
             276.00,14.00 276.00,8.00 276.00,8.00
             276.00,8.00 282.00,8.00 282.00,8.00
             282.00,8.00 282.00,3.00 282.00,3.00
             282.00,3.00 299.00,3.00 299.00,3.00 Z
           M 288.00,9.00
           C 288.00,9.00 288.00,14.00 288.00,14.00
             288.00,14.00 282.00,14.00 282.00,14.00
             282.00,14.00 282.00,24.00 282.00,24.00
             282.00,24.00 298.00,24.00 298.00,24.00
             298.00,24.00 298.00,14.00 298.00,14.00
             298.00,14.00 293.00,14.00 293.00,14.00
             293.00,14.00 293.00,9.00 293.00,9.00
             293.00,9.00 288.00,9.00 288.00,9.00 Z" />
</svg>
