<?xml version="1.0" encoding="UTF-8" standalone="no"?>
<!DOCTYPE svg PUBLIC "-//W3C//DTD SVG 20010904//EN"
              "http://www.w3.org/TR/2001/REC-SVG-20010904/DTD/svg10.dtd">

<svg xmlns="http://www.w3.org/2000/svg"
     width="4.46705in" height="0.366698in"
     viewBox="0 0 536 44">
  <path id="a*"
        fill="none" stroke="black" stroke-width="1"
        d="M 436.00,14.00
           C 436.00,14.00 436.00,19.00 436.00,19.00
             436.00,19.00 442.00,19.00 442.00,19.00
             442.00,19.00 442.00,41.00 442.00,41.00
             442.00,41.00 408.00,41.00 408.00,41.00
             408.00,41.00 408.00,36.00 408.00,36.00
             408.00,36.00 403.00,36.00 403.00,36.00
             403.00,36.00 403.00,30.00 403.00,30.00
             403.00,30.00 408.00,30.00 408.00,30.00
             408.00,30.00 408.00,24.00 408.00,24.00
             408.00,24.00 430.00,24.00 430.00,24.00
             430.00,24.00 430.00,20.00 430.00,20.00
             430.00,20.00 408.00,20.00 408.00,20.00
             408.00,20.00 408.00,14.00 408.00,14.00
             408.00,14.00 436.00,14.00 436.00,14.00 Z
           M 414.00,30.00
           C 414.00,30.00 414.00,35.00 414.00,35.00
             414.00,35.00 430.00,35.00 430.00,35.00
             430.00,35.00 430.00,30.00 430.00,30.00
             430.00,30.00 414.00,30.00 414.00,30.00 Z" />
</svg>
