<?xml version="1.0" encoding="UTF-8" standalone="no"?>
<!DOCTYPE svg PUBLIC "-//W3C//DTD SVG 20010904//EN"
              "http://www.w3.org/TR/2001/REC-SVG-20010904/DTD/svg10.dtd">

<svg xmlns="http://www.w3.org/2000/svg"
     width="4.46705in" height="0.366698in"
     viewBox="0 0 536 44">
  <path id="A"
        fill="none" stroke="black" stroke-width="1"
        d="M 35.00,3.00
           C 35.00,3.00 35.00,8.00 35.00,8.00
             35.00,8.00 40.00,8.00 40.00,8.00
             40.00,8.00 40.00,14.00 40.00,14.00
             40.00,14.00 46.00,14.00 46.00,14.00
             46.00,14.00 46.00,41.00 46.00,41.00
             46.00,41.00 34.00,41.00 34.00,41.00
             34.00,41.00 34.00,30.00 34.00,30.00
             34.00,30.00 18.00,30.00 18.00,30.00
             18.00,30.00 18.00,41.00 18.00,41.00
             18.00,41.00 7.00,41.00 7.00,41.00
             7.00,41.00 7.00,14.00 7.00,14.00
             7.00,14.00 12.00,14.00 12.00,14.00
             12.00,14.00 12.00,8.00 12.00,8.00
             12.00,8.00 18.00,8.00 18.00,8.00
             18.00,8.00 18.00,3.00 18.00,3.00
             18.00,3.00 35.00,3.00 35.00,3.00 Z
           M 24.00,9.00
           C 24.00,9.00 24.00,14.00 24.00,14.00
             24.00,14.00 18.00,14.00 18.00,14.00
             18.00,14.00 18.00,24.00 18.00,24.00
             18.00,24.00 34.00,24.00 34.00,24.00
             34.00,24.00 34.00,14.00 34.00,14.00
             34.00,14.00 29.00,14.00 29.00,14.00
             29.00,14.00 29.00,9.00 29.00,9.00
             29.00,9.00 24.00,9.00 24.00,9.00 Z
           M 62.00,3.00
           C 62.00,3.00 62.00,14.00 62.00,14.00
             62.00,14.00 84.00,14.00 84.00,14.00
             84.00,14.00 84.00,19.00 84.00,19.00
             84.00,19.00 90.00,19.00 90.00,19.00
             90.00,19.00 90.00,41.00 90.00,41.00
             90.00,41.00 78.00,41.00 78.00,41.00
             78.00,41.00 78.00,20.00 78.00,20.00
             78.00,20.00 62.00,20.00 62.00,20.00
             62.00,20.00 62.00,41.00 62.00,41.00
             62.00,41.00 51.00,41.00 51.00,41.00
             51.00,41.00 51.00,3.00 51.00,3.00
             51.00,3.00 62.00,3.00 62.00,3.00 Z
           M 128.00,14.00
           C 128.00,14.00 128.00,19.00 128.00,19.00
             128.00,19.00 134.00,19.00 134.00,19.00
             134.00,19.00 134.00,41.00 134.00,41.00
             134.00,41.00 122.00,41.00 122.00,41.00
             122.00,41.00 122.00,20.00 122.00,20.00
             122.00,20.00 117.00,20.00 117.00,20.00
             117.00,20.00 117.00,41.00 117.00,41.00
             117.00,41.00 106.00,41.00 106.00,41.00
             106.00,41.00 106.00,20.00 106.00,20.00
             106.00,20.00 101.00,20.00 101.00,20.00
             101.00,20.00 101.00,41.00 101.00,41.00
             101.00,41.00 95.00,41.00 95.00,41.00
             95.00,41.00 95.00,14.00 95.00,14.00
             95.00,14.00 128.00,14.00 128.00,14.00 Z
           M 172.00,14.00
           C 172.00,14.00 172.00,19.00 172.00,19.00
             172.00,19.00 178.00,19.00 178.00,19.00
             178.00,19.00 178.00,30.00 178.00,30.00
             178.00,30.00 150.00,30.00 150.00,30.00
             150.00,30.00 150.00,35.00 150.00,35.00
             150.00,35.00 172.00,35.00 172.00,35.00
             172.00,35.00 172.00,41.00 172.00,41.00
             172.00,41.00 144.00,41.00 144.00,41.00
             144.00,41.00 144.00,36.00 144.00,36.00
             144.00,36.00 139.00,36.00 139.00,36.00
             139.00,36.00 139.00,19.00 139.00,19.00
             139.00,19.00 144.00,19.00 144.00,19.00
             144.00,19.00 144.00,14.00 144.00,14.00
             144.00,14.00 172.00,14.00 172.00,14.00 Z
           M 150.00,20.00
           C 150.00,20.00 150.00,24.00 150.00,24.00
             150.00,24.00 166.00,24.00 166.00,24.00
             166.00,24.00 166.00,20.00 166.00,20.00
             166.00,20.00 150.00,20.00 150.00,20.00 Z
           M 222.00,3.00
           C 222.00,3.00 222.00,41.00 222.00,41.00
             222.00,41.00 188.00,41.00 188.00,41.00
             188.00,41.00 188.00,36.00 188.00,36.00
             188.00,36.00 183.00,36.00 183.00,36.00
             183.00,36.00 183.00,19.00 183.00,19.00
             183.00,19.00 188.00,19.00 188.00,19.00
             188.00,19.00 188.00,14.00 188.00,14.00
             188.00,14.00 210.00,14.00 210.00,14.00
             210.00,14.00 210.00,3.00 210.00,3.00
             210.00,3.00 222.00,3.00 222.00,3.00 Z
           M 194.00,20.00
           C 194.00,20.00 194.00,35.00 194.00,35.00
             194.00,35.00 210.00,35.00 210.00,35.00
             210.00,35.00 210.00,20.00 210.00,20.00
             210.00,20.00 194.00,20.00 194.00,20.00 Z
           M 299.00,3.00
           C 299.00,3.00 299.00,8.00 299.00,8.00
             299.00,8.00 304.00,8.00 304.00,8.00
             304.00,8.00 304.00,14.00 304.00,14.00
             304.00,14.00 310.00,14.00 310.00,14.00
             310.00,14.00 310.00,41.00 310.00,41.00
             310.00,41.00 298.00,41.00 298.00,41.00
             298.00,41.00 298.00,30.00 298.00,30.00
             298.00,30.00 282.00,30.00 282.00,30.00
             282.00,30.00 282.00,41.00 282.00,41.00
             282.00,41.00 271.00,41.00 271.00,41.00
             271.00,41.00 271.00,14.00 271.00,14.00
             271.00,14.00 276.00,14.00 276.00,14.00
             276.00,14.00 276.00,8.00 276.00,8.00
             276.00,8.00 282.00,8.00 282.00,8.00
             282.00,8.00 282.00,3.00 282.00,3.00
             282.00,3.00 299.00,3.00 299.00,3.00 Z
           M 288.00,9.00
           C 288.00,9.00 288.00,14.00 288.00,14.00
             288.00,14.00 282.00,14.00 282.00,14.00
             282.00,14.00 282.00,24.00 282.00,24.00
             282.00,24.00 298.00,24.00 298.00,24.00
             298.00,24.00 298.00,14.00 298.00,14.00
             298.00,14.00 293.00,14.00 293.00,14.00
             293.00,14.00 293.00,9.00 293.00,9.00
             293.00,9.00 288.00,9.00 288.00,9.00 Z
           M 348.00,14.00
           C 348.00,14.00 348.00,19.00 348.00,19.00
             348.00,19.00 354.00,19.00 354.00,19.00
             354.00,19.00 354.00,41.00 354.00,41.00
             354.00,41.00 342.00,41.00 342.00,41.00
             342.00,41.00 342.00,20.00 342.00,20.00
             342.00,20.00 326.00,20.00 326.00,20.00
             326.00,20.00 326.00,41.00 326.00,41.00
             326.00,41.00 315.00,41.00 315.00,41.00
             315.00,41.00 315.00,14.00 315.00,14.00
             315.00,14.00 348.00,14.00 348.00,14.00 Z
           M 392.00,14.00
           C 392.00,14.00 392.00,20.00 392.00,20.00
             392.00,20.00 370.00,20.00 370.00,20.00
             370.00,20.00 370.00,24.00 370.00,24.00
             370.00,24.00 392.00,24.00 392.00,24.00
             392.00,24.00 392.00,30.00 392.00,30.00
             392.00,30.00 398.00,30.00 398.00,30.00
             398.00,30.00 398.00,36.00 398.00,36.00
             398.00,36.00 392.00,36.00 392.00,36.00
             392.00,36.00 392.00,41.00 392.00,41.00
             392.00,41.00 359.00,41.00 359.00,41.00
             359.00,41.00 359.00,35.00 359.00,35.00
             359.00,35.00 386.00,35.00 386.00,35.00
             386.00,35.00 386.00,30.00 386.00,30.00
             386.00,30.00 364.00,30.00 364.00,30.00
             364.00,30.00 364.00,25.00 364.00,25.00
             364.00,25.00 359.00,25.00 359.00,25.00
             359.00,25.00 359.00,19.00 359.00,19.00
             359.00,19.00 364.00,19.00 364.00,19.00
             364.00,19.00 364.00,14.00 364.00,14.00
             364.00,14.00 392.00,14.00 392.00,14.00 Z
           M 436.00,14.00
           C 436.00,14.00 436.00,19.00 436.00,19.00
             436.00,19.00 442.00,19.00 442.00,19.00
             442.00,19.00 442.00,41.00 442.00,41.00
             442.00,41.00 408.00,41.00 408.00,41.00
             408.00,41.00 408.00,36.00 408.00,36.00
             408.00,36.00 403.00,36.00 403.00,36.00
             403.00,36.00 403.00,30.00 403.00,30.00
             403.00,30.00 408.00,30.00 408.00,30.00
             408.00,30.00 408.00,24.00 408.00,24.00
             408.00,24.00 430.00,24.00 430.00,24.00
             430.00,24.00 430.00,20.00 430.00,20.00
             430.00,20.00 408.00,20.00 408.00,20.00
             408.00,20.00 408.00,14.00 408.00,14.00
             408.00,14.00 436.00,14.00 436.00,14.00 Z
           M 414.00,30.00
           C 414.00,30.00 414.00,35.00 414.00,35.00
             414.00,35.00 430.00,35.00 430.00,35.00
             430.00,35.00 430.00,30.00 430.00,30.00
             430.00,30.00 414.00,30.00 414.00,30.00 Z
           M 464.00,14.00
           C 464.00,14.00 464.00,19.00 464.00,19.00
             464.00,19.00 469.00,19.00 469.00,19.00
             469.00,19.00 469.00,14.00 469.00,14.00
             469.00,14.00 486.00,14.00 486.00,14.00
             486.00,14.00 486.00,20.00 486.00,20.00
             486.00,20.00 469.00,20.00 469.00,20.00
             469.00,20.00 469.00,25.00 469.00,25.00
             469.00,25.00 464.00,25.00 464.00,25.00
             464.00,25.00 464.00,41.00 464.00,41.00
             464.00,41.00 452.00,41.00 452.00,41.00
             452.00,41.00 452.00,14.00 452.00,14.00
             452.00,14.00 464.00,14.00 464.00,14.00 Z
           M 519.00,3.00
           C 519.00,3.00 519.00,9.00 519.00,9.00
             519.00,9.00 507.00,9.00 507.00,9.00
             507.00,9.00 507.00,3.00 507.00,3.00
             507.00,3.00 519.00,3.00 519.00,3.00 Z
           M 519.00,14.00
           C 519.00,14.00 519.00,35.00 519.00,35.00
             519.00,35.00 530.00,35.00 530.00,35.00
             530.00,35.00 530.00,41.00 530.00,41.00
             530.00,41.00 496.00,41.00 496.00,41.00
             496.00,41.00 496.00,35.00 496.00,35.00
             496.00,35.00 507.00,35.00 507.00,35.00
             507.00,35.00 507.00,20.00 507.00,20.00
             507.00,20.00 502.00,20.00 502.00,20.00
             502.00,20.00 502.00,14.00 502.00,14.00
             502.00,14.00 519.00,14.00 519.00,14.00 Z" />
</svg>
