<?xml version="1.0" encoding="UTF-8" standalone="no"?>
<!DOCTYPE svg PUBLIC "-//W3C//DTD SVG 20010904//EN"
              "http://www.w3.org/TR/2001/REC-SVG-20010904/DTD/svg10.dtd">

<svg xmlns="http://www.w3.org/2000/svg"
     width="4.46705in" height="0.366698in"
     viewBox="0 0 536 44">
  <path id="d"
        fill="none" stroke="black" stroke-width="1"
        d="M 222.00,3.00
           C 222.00,3.00 222.00,41.00 222.00,41.00
             222.00,41.00 188.00,41.00 188.00,41.00
             188.00,41.00 188.00,36.00 188.00,36.00
             188.00,36.00 183.00,36.00 183.00,36.00
             183.00,36.00 183.00,19.00 183.00,19.00
             183.00,19.00 188.00,19.00 188.00,19.00
             188.00,19.00 188.00,14.00 188.00,14.00
             188.00,14.00 210.00,14.00 210.00,14.00
             210.00,14.00 210.00,3.00 210.00,3.00
             210.00,3.00 222.00,3.00 222.00,3.00 Z
           M 194.00,20.00
           C 194.00,20.00 194.00,35.00 194.00,35.00
             194.00,35.00 210.00,35.00 210.00,35.00
             210.00,35.00 210.00,20.00 210.00,20.00
             210.00,20.00 194.00,20.00 194.00,20.00 Z" />
</svg>
