<?xml version="1.0" encoding="UTF-8" standalone="no"?>
<!DOCTYPE svg PUBLIC "-//W3C//DTD SVG 20010904//EN"
              "http://www.w3.org/TR/2001/REC-SVG-20010904/DTD/svg10.dtd">

<svg xmlns="http://www.w3.org/2000/svg"
     width="4.46705in" height="0.366698in"
     viewBox="0 0 536 44">
  <path id="e"
        fill="none" stroke="black" stroke-width="1"
        d="M 172.00,14.00
           C 172.00,14.00 172.00,19.00 172.00,19.00
             172.00,19.00 178.00,19.00 178.00,19.00
             178.00,19.00 178.00,30.00 178.00,30.00
             178.00,30.00 150.00,30.00 150.00,30.00
             150.00,30.00 150.00,35.00 150.00,35.00
             150.00,35.00 172.00,35.00 172.00,35.00
             172.00,35.00 172.00,41.00 172.00,41.00
             172.00,41.00 144.00,41.00 144.00,41.00
             144.00,41.00 144.00,36.00 144.00,36.00
             144.00,36.00 139.00,36.00 139.00,36.00
             139.00,36.00 139.00,19.00 139.00,19.00
             139.00,19.00 144.00,19.00 144.00,19.00
             144.00,19.00 144.00,14.00 144.00,14.00
             144.00,14.00 172.00,14.00 172.00,14.00 Z
           M 150.00,20.00
           C 150.00,20.00 150.00,24.00 150.00,24.00
             150.00,24.00 166.00,24.00 166.00,24.00
             166.00,24.00 166.00,20.00 166.00,20.00
             166.00,20.00 150.00,20.00 150.00,20.00 Z" />
</svg>
