<?xml version="1.0" encoding="UTF-8" standalone="no"?>
<!DOCTYPE svg PUBLIC "-//W3C//DTD SVG 20010904//EN"
              "http://www.w3.org/TR/2001/REC-SVG-20010904/DTD/svg10.dtd">

<svg xmlns="http://www.w3.org/2000/svg"
     width="4.46705in" height="0.366698in"
     viewBox="0 0 536 44">
  <path id="Selection #1"
        fill="none" stroke="black" stroke-width="1"
        d="M 62.00,3.00
           C 62.00,3.00 62.00,14.00 62.00,14.00
             62.00,14.00 84.00,14.00 84.00,14.00
             84.00,14.00 84.00,19.00 84.00,19.00
             84.00,19.00 90.00,19.00 90.00,19.00
             90.00,19.00 90.00,41.00 90.00,41.00
             90.00,41.00 78.00,41.00 78.00,41.00
             78.00,41.00 78.00,20.00 78.00,20.00
             78.00,20.00 62.00,20.00 62.00,20.00
             62.00,20.00 62.00,41.00 62.00,41.00
             62.00,41.00 51.00,41.00 51.00,41.00
             51.00,41.00 51.00,3.00 51.00,3.00
             51.00,3.00 62.00,3.00 62.00,3.00 Z" />
</svg>
