<?xml version="1.0" encoding="UTF-8" standalone="no"?>
<!DOCTYPE svg PUBLIC "-//W3C//DTD SVG 20010904//EN"
              "http://www.w3.org/TR/2001/REC-SVG-20010904/DTD/svg10.dtd">

<svg xmlns="http://www.w3.org/2000/svg"
     width="4.46705in" height="0.366698in"
     viewBox="0 0 536 44">
  <path id="i*"
        fill="none" stroke="black" stroke-width="1"
        d="M 519.00,3.00
           C 519.00,3.00 519.00,9.00 519.00,9.00
             519.00,9.00 507.00,9.00 507.00,9.00
             507.00,9.00 507.00,3.00 507.00,3.00
             507.00,3.00 519.00,3.00 519.00,3.00 Z
           M 519.00,14.00
           C 519.00,14.00 519.00,35.00 519.00,35.00
             519.00,35.00 530.00,35.00 530.00,35.00
             530.00,35.00 530.00,41.00 530.00,41.00
             530.00,41.00 496.00,41.00 496.00,41.00
             496.00,41.00 496.00,35.00 496.00,35.00
             496.00,35.00 507.00,35.00 507.00,35.00
             507.00,35.00 507.00,20.00 507.00,20.00
             507.00,20.00 502.00,20.00 502.00,20.00
             502.00,20.00 502.00,14.00 502.00,14.00
             502.00,14.00 519.00,14.00 519.00,14.00 Z" />
</svg>
