<?xml version="1.0" encoding="UTF-8" standalone="no"?>
<!DOCTYPE svg PUBLIC "-//W3C//DTD SVG 20010904//EN"
              "http://www.w3.org/TR/2001/REC-SVG-20010904/DTD/svg10.dtd">

<svg xmlns="http://www.w3.org/2000/svg"
     width="4.46705in" height="0.366698in"
     viewBox="0 0 536 44">
  <path id="m"
        fill="none" stroke="black" stroke-width="1"
        d="M 128.00,14.00
           C 128.00,14.00 128.00,19.00 128.00,19.00
             128.00,19.00 134.00,19.00 134.00,19.00
             134.00,19.00 134.00,41.00 134.00,41.00
             134.00,41.00 122.00,41.00 122.00,41.00
             122.00,41.00 122.00,20.00 122.00,20.00
             122.00,20.00 117.00,20.00 117.00,20.00
             117.00,20.00 117.00,41.00 117.00,41.00
             117.00,41.00 106.00,41.00 106.00,41.00
             106.00,41.00 106.00,20.00 106.00,20.00
             106.00,20.00 101.00,20.00 101.00,20.00
             101.00,20.00 101.00,41.00 101.00,41.00
             101.00,41.00 95.00,41.00 95.00,41.00
             95.00,41.00 95.00,14.00 95.00,14.00
             95.00,14.00 128.00,14.00 128.00,14.00 Z" />
</svg>
