<?xml version="1.0" encoding="UTF-8" standalone="no"?>
<!DOCTYPE svg PUBLIC "-//W3C//DTD SVG 20010904//EN"
              "http://www.w3.org/TR/2001/REC-SVG-20010904/DTD/svg10.dtd">

<svg xmlns="http://www.w3.org/2000/svg"
     width="4.46705in" height="0.366698in"
     viewBox="0 0 536 44">
  <path id="n*"
        fill="none" stroke="black" stroke-width="1"
        d="M 348.00,14.00
           C 348.00,14.00 348.00,19.00 348.00,19.00
             348.00,19.00 354.00,19.00 354.00,19.00
             354.00,19.00 354.00,41.00 354.00,41.00
             354.00,41.00 342.00,41.00 342.00,41.00
             342.00,41.00 342.00,20.00 342.00,20.00
             342.00,20.00 326.00,20.00 326.00,20.00
             326.00,20.00 326.00,41.00 326.00,41.00
             326.00,41.00 315.00,41.00 315.00,41.00
             315.00,41.00 315.00,14.00 315.00,14.00
             315.00,14.00 348.00,14.00 348.00,14.00 Z" />
</svg>
