<?xml version="1.0" encoding="UTF-8" standalone="no"?>
<!DOCTYPE svg PUBLIC "-//W3C//DTD SVG 20010904//EN"
              "http://www.w3.org/TR/2001/REC-SVG-20010904/DTD/svg10.dtd">

<svg xmlns="http://www.w3.org/2000/svg"
     width="4.46705in" height="0.366698in"
     viewBox="0 0 536 44">
  <path id="r*"
        fill="none" stroke="black" stroke-width="1"
        d="M 464.00,14.00
           C 464.00,14.00 464.00,19.00 464.00,19.00
             464.00,19.00 469.00,19.00 469.00,19.00
             469.00,19.00 469.00,14.00 469.00,14.00
             469.00,14.00 486.00,14.00 486.00,14.00
             486.00,14.00 486.00,20.00 486.00,20.00
             486.00,20.00 469.00,20.00 469.00,20.00
             469.00,20.00 469.00,25.00 469.00,25.00
             469.00,25.00 464.00,25.00 464.00,25.00
             464.00,25.00 464.00,41.00 464.00,41.00
             464.00,41.00 452.00,41.00 452.00,41.00
             452.00,41.00 452.00,14.00 452.00,14.00
             452.00,14.00 464.00,14.00 464.00,14.00 Z" />
</svg>
