<?xml version="1.0" encoding="UTF-8" standalone="no"?>
<!DOCTYPE svg PUBLIC "-//W3C//DTD SVG 20010904//EN"
              "http://www.w3.org/TR/2001/REC-SVG-20010904/DTD/svg10.dtd">

<svg xmlns="http://www.w3.org/2000/svg"
     width="4.46705in" height="0.366698in"
     viewBox="0 0 536 44">
  <path id="s*"
        fill="none" stroke="black" stroke-width="1"
        d="M 392.00,14.00
           C 392.00,14.00 392.00,20.00 392.00,20.00
             392.00,20.00 370.00,20.00 370.00,20.00
             370.00,20.00 370.00,24.00 370.00,24.00
             370.00,24.00 392.00,24.00 392.00,24.00
             392.00,24.00 392.00,30.00 392.00,30.00
             392.00,30.00 398.00,30.00 398.00,30.00
             398.00,30.00 398.00,36.00 398.00,36.00
             398.00,36.00 392.00,36.00 392.00,36.00
             392.00,36.00 392.00,41.00 392.00,41.00
             392.00,41.00 359.00,41.00 359.00,41.00
             359.00,41.00 359.00,35.00 359.00,35.00
             359.00,35.00 386.00,35.00 386.00,35.00
             386.00,35.00 386.00,30.00 386.00,30.00
             386.00,30.00 364.00,30.00 364.00,30.00
             364.00,30.00 364.00,25.00 364.00,25.00
             364.00,25.00 359.00,25.00 359.00,25.00
             359.00,25.00 359.00,19.00 359.00,19.00
             359.00,19.00 364.00,19.00 364.00,19.00
             364.00,19.00 364.00,14.00 364.00,14.00
             364.00,14.00 392.00,14.00 392.00,14.00 Z" />
</svg>
